520217
520528
520837
521149
521450
521770
522080
522408
522729
523046
523349
523659
523969
524279
524589
524898
525207
525500
525819
526127
526420
526730
527049
527350
527677
527979
528270
528580
528880
529197
529489
529799
530099
530398
530708
531009
531308
531619
531792
532209
532519
532819
533116
533400
533717
534017
534300
534619
534929
535229
535520
535846
536149
536459
536760
537079
537379
537689
537997
538280
538607
538900
539226
539539
539849
540167
540486
540797
541109
541419
541729
542039
542349
542650
542979
543270
543286
543599
543909
544216
544529
544839
545130
545457
545759
546059
546376
546679
546970
547280
547598
547899
548190
548509
548800
549100
549419
549729
549948
550267
550579
550879
551189
551480
551780
552096
552390
552709
553009
553309
553609
553909
554209
554509
554807
555090
555398
555699
555980
556280
556598
556798
557089
557468
557779
558089
558399
558690
558706
559009
559317
559609
559917
560226
560519
560819
561129
561436
561739
562039
562339
562620
562936
563220
563526
563808
564019
564339
564620
564927
565226
565519
565829
566139
566430
566747
567066
567376
567660
567979
568279
568579
568889
569189
569497
569809
570119
570438
570749
571059
571259
571660
571900
572296
572598
572909
573217
573519
573810
574129
574439
574749
575059
575369
575670
575999
576309
576618
576925
577220
577530
577840
578169
578460
578788
579095
579399
579690
580000
580309
580609
580918
581206
581499
581799
582070
582317
582629
582927
583200
583499
583787
584019
584329
584609
584880
585169
585428
585697
585958
586217
586477
586739
587249
587507
587768
588000
588250
588509
588758
588999
589230
589246
589489
589729
589969
590200
590440
590699
590930
591185
591419
591669
591916
592159
592406
592640
592899
593139
593629
593860
594100
594356
594599
594838
595079
595327
595569
595800
596056
596290
596549
596789
597037
597279
597519
597759
598007
598249
598480
598739
598970
599227
599416
599680
600188
600439
600686
600929
601178
601429
601676
601919
602169
602429
602669
602919
603166
603400
603659
603916
604168
604419
604669
604926
605179
605437
605688
605939
606188
606439
606689
606937
607189
607448
607699
607949
608209
608450
608719
608969
609229
609479
609729
609986
610239
610489
610749
610999
611258
611509
611767
612000
612209
612629
612897
613159
613419
613660
613910
614170
614438
614688
614937
615129
615390
615656
615909
616168
616359
616648
616890
617159
617418
617660
617928
618179
618420
618689
618939
619199
619440
619690
619949
620209
620459
620709
620958
621200
621450
621700
621969
622210
622468
622700
622959
623209
623457
623706
623949
624138
624419
624678
624929
625189
625430
625697
625949
626209
626469
626719
626978
627229
627419
627596
627849
628100
628359
628609
628869
629127
629379
629626
629879
630126
630378
630629
630889
631138
631389
631639
631899
632140
632409
632656
632900
633168
633410
633677
634189
634439
634699
634959
635219
635476
635736
635997
636249
636500
636779
637020
637280
637485
637909
638179
638436
638689
638946
639190
639399
639679
639937
640189
640430
640639
640919
641178
641419
641679
641920
642179
642438
642697
642946
643199
643456
643719
643960
644229
644470
644739
644980
645516
645760
646029
646539
646790
647069
647319
647519
647808
648060
648336
648606
648797
649229
649421
649748
